80 80
1.38 484.8 484.8 484.8 484.8 484.8 -1 231.66 231.66 231.66 -1 120 120 120 120 190.93 136.79 220.87 192.9 256.02 188.93 346.47 314.27 314.27 -1 484.8 484.8 484.8 484.8 484.8 295.17 295.17 0 -1 -1 -1 -1 -1 -1 -1 -1 0 0 0 0 0 0 0 0 0 0 0 0 0 0 0 0 0 0 0 0 0 0 0 0 0 0 0 0 0 0 0 0 0 0 0 0 0 0 0 
430.83 -1 0 -1 -1 484.8 -1 231.66 -1 231.66 -1 120 -1 -1 -1 125.06 -1 112.06 -1 130.21 -1 189.74 -1 314.27 -1 484.8 -1 -1 -1 189.63 -1 295.17 -1 295.17 295.17 295.17 -1 295.17 295.17 295.17 -1 0 0 0 0 0 0 0 0 0 0 0 0 0 0 0 0 0 0 0 0 0 0 0 0 0 0 0 0 0 0 0 0 0 0 0 0 0 0 0 
430.83 -1 0 -1 0 484.8 -1 231.66 -1 484.8 484.8 484.8 132.27 132.27 -1 125.06 -1 112.06 -1 130.21 -1 189.74 -1 484.8 484.8 484.8 0 0 -1 189.63 -1 295.17 -1 295.17 -1 295.17 -1 295.17 -1 295.17 -1 0 -1 -1 -1 -1 -1 -1 -1 -1 -1 -1 -1 -1 -1 -1 -1 -1 -1 -1 -1 -1 -1 -1 -1 -1 -1 -1 -1 -1 -1 -1 -1 -1 -1 -1 -1 -1 -1 0 
430.83 -1 0 -1 -1 484.8 -1 231.66 -1 253.14 -1 232.53 -1 132.27 -1 125.06 -1 112.06 -1 130.21 -1 189.74 -1 170.53 -1 -1 -1 -1 -1 189.63 -1 295.17 -1 295.17 -1 295.17 -1 295.17 -1 295.17 -1 27.46 27.46 27.46 27.46 27.46 27.46 27.46 27.46 27.46 27.46 27.46 27.46 27.46 27.46 27.46 27.46 27.46 27.46 27.46 27.46 27.46 27.46 27.46 27.46 27.46 27.46 27.46 27.46 27.46 27.46 27.46 27.46 27.46 27.46 27.46 27.46 27.46 27.46 27.46 
430.83 -1 -1 -1 0 484.8 -1 484.8 253.14 253.14 -1 232.53 -1 132.27 -1 125.06 -1 112.06 -1 130.21 -1 189.74 -1 170.53 -1 49.66 49.66 49.66 49.66 189.63 -1 295.17 -1 295.17 -1 295.17 -1 295.17 -1 295.17 -1 27.46 -1 -1 -1 -1 -1 -1 -1 -1 -1 -1 -1 -1 -1 -1 -1 -1 -1 -1 -1 -1 -1 -1 -1 -1 -1 -1 -1 -1 -1 -1 -1 -1 -1 -1 -1 -1 -1 27.46 
430.83 430.83 -1 -1 -1 484.8 -1 484.8 -1 0 -1 302.72 194.61 268.77 210.65 255.51 175.31 203.28 119.2 194.81 140.21 239.56 -1 170.53 -1 49.66 -1 -1 -1 139.97 -1 295.17 -1 295.17 -1 295.17 -1 295.17 -1 295.17 -1 158.73 131.27 131.27 131.27 131.27 131.27 131.27 131.27 131.27 131.27 131.27 131.27 131.27 131.27 131.27 131.27 131.27 131.27 131.27 131.27 131.27 131.27 131.27 131.27 131.27 131.27 131.27 131.27 131.27 131.27 131.27 131.27 131.27 131.27 131.27 131.27 131.27 131.27 158.73 
-1 430.83 -1 0 0 484.8 484.8 484.8 -1 0 -1 178.31 -1 -1 -1 -1 -1 -1 -1 -1 -1 149.17 -1 170.53 -1 49.66 -1 0 -1 139.97 -1 295.17 -1 295.17 -1 295.17 -1 295.17 -1 295.17 -1 158.73 -1 -1 -1 -1 -1 -1 -1 -1 -1 -1 -1 -1 -1 -1 -1 -1 -1 -1 -1 -1 -1 -1 -1 -1 -1 -1 -1 -1 -1 -1 -1 -1 -1 -1 -1 -1 -1 158.73 
430.83 430.83 -1 -1 -1 -1 -1 0 -1 0 -1 178.31 -1 6.28 6.28 -1 -1 -1 13.22 13.22 -1 149.17 -1 170.53 -1 49.66 49.66 49.66 49.66 189.63 -1 295.17 -1 295.17 -1 295.17 -1 295.17 -1 295.17 -1 484.8 326.07 326.07 326.07 326.07 326.07 326.07 326.07 326.07 326.07 326.07 326.07 326.07 326.07 326.07 326.07 326.07 326.07 326.07 326.07 326.07 326.07 326.07 326.07 326.07 326.07 326.07 326.07 326.07 326.07 326.07 326.07 326.07 326.07 326.07 326.07 326.07 326.07 484.8 
430.83 -1 -1 430.83 430.83 430.83 -1 -1 -1 -1 -1 178.31 -1 21.48 21.48 21.48 -1 21.48 21.48 21.48 -1 149.17 -1 170.53 -1 0 -1 0 -1 189.63 -1 295.17 -1 295.17 -1 295.17 -1 295.17 -1 295.17 -1 484.8 -1 -1 -1 -1 -1 -1 -1 -1 -1 -1 -1 -1 -1 -1 -1 -1 -1 -1 -1 -1 -1 -1 -1 -1 -1 -1 -1 -1 -1 -1 -1 -1 -1 -1 -1 -1 -1 484.8 
430.83 430.83 430.83 430.83 -1 215.41 0 0 0 0 -1 178.31 -1 21.48 -1 21.48 21.48 21.48 -1 21.48 -1 149.17 -1 170.53 -1 0 -1 0 -1 189.63 -1 295.17 -1 295.17 -1 295.17 -1 295.17 -1 295.17 -1 484.8 58.17 58.17 3.73 3.73 3.73 3.73 3.73 3.73 0 0 0 0 0 0 0 0 0 0 -1 149.49 149.49 245.16 245.16 245.16 245.16 245.16 245.16 245.16 245.16 245.16 245.16 245.16 245.16 245.16 245.16 245.16 245.16 484.8 
-1 -1 -1 -1 -1 0 -1 0 -1 0 -1 178.31 -1 21.48 -1 -1 0 -1 -1 21.48 -1 149.17 -1 170.53 -1 0 -1 0 -1 189.63 -1 295.17 295.17 295.17 -1 295.17 295.17 295.17 -1 295.17 -1 426.63 -1 54.44 -1 0 -1 0 -1 3.73 -1 0 -1 0 -1 0 -1 0 -1 0 -1 149.49 -1 95.67 -1 -1 -1 -1 -1 -1 -1 -1 -1 -1 -1 -1 -1 -1 -1 239.64 
0 0 0 0 0 0 -1 0 -1 0 -1 178.31 -1 21.48 -1 -1 -1 -1 -1 21.48 -1 149.17 -1 170.53 0 -1 -1 0 -1 189.63 -1 -1 -1 -1 -1 -1 -1 -1 -1 295.17 -1 426.63 -1 54.44 -1 0 -1 0 -1 3.73 -1 0 -1 0 -1 0 -1 0 -1 0 -1 149.49 -1 95.67 -1 0 0 0 0 0 0 0 0 0 0 0 0 0 -1 239.64 
-1 0 -1 -1 -1 -1 0 0 0 0 -1 178.31 -1 21.48 -1 -1 -1 -1 -1 21.48 -1 149.17 -1 170.53 -1 0 0 0 -1 189.63 -1 -1 -1 -1 -1 -1 -1 -1 -1 295.17 -1 426.63 -1 54.44 -1 0 -1 0 -1 3.73 -1 0 -1 0 -1 0 -1 0 -1 0 -1 149.49 -1 95.67 -1 0 0 0 0 0 0 0 0 0 0 0 0 0 -1 239.64 
0 0 0 0 0 0 0 -1 0 -1 0 178.31 178.31 178.31 156.83 156.83 156.83 156.83 156.83 178.31 178.31 249 170.53 170.53 0 -1 -1 -1 -1 189.63 -1 295.17 295.17 295.17 295.17 295.17 295.17 295.17 295.17 295.17 -1 426.63 -1 54.44 -1 0 -1 0 -1 3.73 -1 0 -1 0 -1 0 -1 0 -1 0 -1 149.49 -1 95.67 -1 0 0 0 0 0 0 0 0 0 0 0 0 0 -1 239.64 
-1 -1 -1 -1 -1 0 -1 -1 0 -1 -1 -1 -1 -1 -1 -1 -1 -1 -1 -1 -1 -1 -1 -1 -1 217.02 217.02 217.02 217.02 484.8 295.17 295.17 -1 -1 -1 -1 -1 -1 -1 -1 -1 426.63 -1 54.44 -1 0 -1 0 -1 3.73 -1 0 -1 0 -1 0 -1 0 -1 0 -1 149.49 -1 95.67 -1 -1 -1 -1 -1 -1 -1 -1 -1 -1 -1 -1 -1 -1 -1 239.64 
0 0 0 0 0 0 0 0 0 -1 0 0 0 0 -1 0 0 0 0 0 0 0 -1 0 -1 217.02 -1 -1 -1 267.77 -1 -1 -1 484.8 484.8 484.8 484.8 484.8 484.8 484.8 484.8 484.8 58.17 58.17 3.73 3.73 3.73 3.73 3.73 3.73 0 0 0 0 0 0 0 0 0 0 -1 149.49 149.49 245.16 245.16 245.16 245.16 245.16 245.16 245.16 245.16 245.16 245.16 245.16 245.16 245.16 245.16 245.16 245.16 484.8 
-1 0 -1 -1 -1 -1 0 -1 0 -1 0 -1 -1 0 -1 0 -1 -1 -1 -1 -1 0 -1 0 -1 217.02 217.02 217.02 -1 267.77 -1 484.8 484.8 484.8 -1 -1 -1 -1 -1 -1 -1 -1 -1 -1 -1 -1 -1 -1 -1 -1 -1 -1 -1 -1 -1 -1 -1 -1 -1 -1 -1 -1 -1 -1 -1 -1 -1 -1 -1 -1 -1 -1 -1 -1 -1 -1 -1 -1 -1 484.8 
0 0 0 0 0 0 0 0 0 -1 0 0 -1 0 -1 0 -1 -1 0 -1 -1 0 0 0 0 -1 -1 271.73 136.52 349.59 -1 484.8 -1 -1 484.8 484.8 484.8 484.8 484.8 484.8 484.8 484.8 484.8 484.8 484.8 484.8 484.8 484.8 484.8 484.8 484.8 484.8 484.8 484.8 484.8 484.8 484.8 484.8 484.8 484.8 484.8 484.8 484.8 484.8 484.8 484.8 484.8 484.8 484.8 484.8 484.8 484.8 484.8 484.8 484.8 484.8 484.8 484.8 484.8 484.8 
-1 0 -1 -1 0 -1 -1 0 -1 -1 -1 0 -1 0 0 0 0 0 0 0 0 0 -1 0 -1 189.91 189.91 189.91 -1 294.89 -1 484.8 -1 -1 484.8 -1 -1 -1 -1 -1 -1 -1 -1 -1 -1 -1 -1 -1 -1 -1 -1 -1 -1 -1 -1 -1 -1 -1 -1 -1 -1 -1 -1 -1 -1 -1 -1 -1 -1 -1 -1 -1 -1 -1 -1 -1 -1 -1 -1 -1 
0 0 0 0 0 0 0 0 0 0 0 0 -1 0 -1 0 -1 0 -1 0 -1 0 -1 0 -1 189.91 -1 0 -1 294.89 -1 484.8 -1 -1 484.8 484.8 484.8 484.8 484.8 484.8 484.8 484.8 484.8 484.8 484.8 484.8 484.8 484.8 484.8 484.8 484.8 484.8 484.8 484.8 484.8 484.8 484.8 484.8 484.8 484.8 484.8 484.8 484.8 484.8 484.8 484.8 484.8 484.8 484.8 484.8 484.8 484.8 484.8 484.8 484.8 484.8 484.8 484.8 484.8 484.8 
-1 -1 -1 -1 -1 -1 -1 -1 -1 -1 -1 -1 -1 -1 -1 -1 -1 -1 -1 -1 -1 -1 -1 -1 -1 212.05 126.52 -1 -1 294.89 -1 484.8 -1 -1 -1 -1 -1 -1 -1 -1 -1 -1 -1 -1 -1 -1 -1 -1 -1 -1 -1 -1 -1 -1 -1 -1 -1 -1 -1 -1 -1 -1 -1 -1 -1 -1 -1 -1 -1 -1 -1 -1 -1 -1 -1 -1 -1 -1 -1 484.8 
-1 104.6 104.6 104.6 104.6 104.6 104.6 104.6 104.6 104.6 140.6 196.99 179.29 179.29 179.29 179.29 179.29 179.29 179.29 179.29 179.29 179.29 179.29 179.29 179.29 203.55 178.84 111.03 111.03 355.71 -1 484.8 -1 -1 -1 -1 -1 -1 -1 143.07 143.07 143.07 143.07 143.07 143.07 143.07 143.07 143.07 143.07 143.07 143.07 143.07 143.07 79.58 83.14 72.96 58.35 -1 484.8 484.8 484.8 484.8 190.51 -1 484.8 484.8 484.8 484.8 484.8 484.8 197.59 -1 -1 -1 -1 -1 -1 -1 -1 484.8 
0 104.6 -1 -1 -1 -1 -1 -1 -1 -1 107.48 127.47 -1 -1 -1 -1 -1 -1 -1 -1 -1 -1 -1 -1 -1 -1 -1 -1 -1 305.51 -1 484.8 -1 -1 143.07 143.07 143.07 -1 -1 143.07 -1 -1 -1 -1 -1 -1 -1 -1 -1 -1 -1 -1 86.81 112.73 117.54 102.68 143.07 -1 484.8 -1 -1 330.74 306.12 -1 484.8 -1 148.07 148.07 -1 353.01 290.62 -1 -1 484.8 484.8 484.8 484.8 484.8 484.8 484.8 
-1 214.16 137.99 137.99 137.99 137.99 137.99 137.99 137.99 137.99 175.41 193.49 154.08 154.08 154.08 154.08 154.08 154.08 154.08 154.08 338.95 305.51 305.51 305.51 305.51 305.51 305.51 305.51 305.51 305.51 -1 484.8 -1 -1 143.07 -1 143.07 -1 -1 143.07 -1 -1 -1 -1 -1 -1 -1 -1 -1 -1 -1 -1 -1 -1 -1 -1 143.07 -1 484.8 -1 -1 310.84 363.48 -1 484.8 -1 72.32 72.32 -1 346.97 303.13 -1 -1 484.8 -1 -1 -1 -1 -1 -1 
0 185.74 -1 -1 -1 -1 -1 -1 -1 -1 76.46 83.15 -1 -1 -1 -1 -1 -1 -1 -1 218.31 -1 -1 -1 -1 -1 -1 -1 -1 -1 -1 484.8 -1 143.07 143.07 -1 143.07 -1 -1 143.07 -1 143.07 143.07 143.07 143.07 143.07 143.07 143.07 143.07 143.07 143.07 143.07 143.07 143.07 143.07 143.07 143.07 -1 484.8 -1 -1 329.77 361.15 -1 484.8 -1 26.42 26.42 -1 326.41 300.24 -1 -1 484.8 -1 -1 -1 -1 -1 -1 
-1 185.74 -1 -1 0 0 7.42 7.42 9.86 13.18 56.59 63.89 27.04 17.59 8.34 2.89 2.89 0 -1 -1 218.31 -1 484.8 484.8 484.8 484.8 484.8 484.8 484.8 484.8 484.8 484.8 -1 143.07 -1 -1 143.07 -1 -1 143.07 -1 143.07 -1 -1 -1 -1 -1 -1 -1 -1 -1 -1 -1 -1 -1 -1 -1 -1 484.8 -1 -1 362.36 314.93 -1 484.8 -1 10.89 10.89 -1 347.15 312.96 -1 -1 484.8 -1 -1 -1 -1 -1 -1 
-1 185.74 -1 -1 0 3.32 10.74 14.11 28.35 25.31 35.6 46.07 40.71 30.25 16.92 9.16 2.89 0 -1 -1 218.31 -1 484.8 -1 -1 -1 -1 -1 -1 -1 -1 -1 -1 143.07 -1 -1 143.07 -1 -1 143.07 -1 143.07 143.07 143.07 484.8 484.8 484.8 484.8 484.8 484.8 484.8 484.8 484.8 484.8 484.8 484.8 484.8 484.8 484.8 -1 -1 295.85 484.8 484.8 484.8 -1 7.61 7.61 -1 276.68 484.8 484.8 484.8 484.8 -1 -1 -1 -1 -1 -1 
0 185.74 -1 -1 0 3.32 7.2 9.95 14.5 2.69 -1 -1 19.99 35.46 23.29 10.54 0 0 -1 -1 218.31 -1 484.8 -1 -1 -1 -1 143.07 143.07 143.07 143.07 143.07 143.07 143.07 -1 -1 143.07 143.07 143.07 143.07 -1 -1 -1 -1 341.73 -1 -1 -1 -1 -1 -1 -1 -1 -1 -1 -1 -1 -1 -1 -1 -1 -1 -1 -1 -1 -1 -1 -1 -1 -1 -1 -1 -1 -1 -1 -1 -1 -1 -1 -1 
-1 185.74 -1 -1 -1 -1 7.2 19.49 15.46 9.35 -1 -1 21.84 19.27 30.31 7.65 -1 -1 -1 -1 218.31 -1 484.8 -1 -1 143.07 143.07 143.07 -1 -1 -1 -1 -1 -1 -1 -1 -1 -1 -1 -1 -1 -1 -1 -1 355.24 353.04 307.38 307.38 307.38 307.38 307.38 307.38 307.38 307.38 307.38 307.38 307.38 307.38 307.38 307.38 307.38 307.38 307.38 307.38 307.38 307.38 307.38 307.38 307.38 307.38 307.38 307.38 307.38 307.38 307.38 307.38 307.38 307.38 307.38 307.38 
0 185.74 185.74 185.74 185.74 -1 -1 12.8 22.58 21.64 25.56 31.42 39.51 38.52 30.31 -1 -1 218.31 218.31 218.31 218.31 -1 484.8 -1 -1 143.07 -1 -1 -1 -1 -1 -1 -1 -1 -1 -1 -1 114.45 114.45 114.45 114.45 114.45 190.65 136.14 235.69 182.6 -1 -1 -1 -1 -1 -1 -1 -1 -1 -1 -1 -1 -1 -1 -1 -1 -1 -1 -1 -1 -1 -1 -1 -1 -1 -1 -1 -1 -1 -1 -1 -1 -1 307.38 
-1 0 -1 -1 185.74 185.74 -1 -1 10.29 22.2 26.85 26.2 49.28 29.16 -1 -1 218.31 218.31 -1 -1 -1 -1 484.8 -1 -1 143.07 -1 -1 -1 -1 -1 -1 -1 114.45 114.45 114.45 114.45 114.45 -1 -1 -1 -1 130.7 -1 -1 -1 -1 -1 -1 307.38 307.38 307.38 307.38 307.38 307.38 307.38 307.38 307.38 307.38 307.38 307.38 307.38 307.38 307.38 307.38 307.38 307.38 307.38 307.38 307.38 307.38 307.38 307.38 307.38 307.38 307.38 307.38 307.38 307.38 307.38 
-1 0 -1 -1 -1 185.74 185.74 -1 -1 18.33 43.62 61.34 40.96 -1 -1 218.31 218.31 -1 -1 -1 -1 -1 484.8 -1 -1 147 100.07 100.07 100.07 109.84 128 114.45 114.45 114.45 -1 -1 -1 -1 14.35 20.17 36.89 45.69 134.54 60.16 43.47 22.79 7.92 -1 -1 307.38 -1 -1 -1 -1 -1 -1 -1 -1 -1 -1 -1 -1 -1 -1 -1 -1 -1 -1 -1 -1 -1 -1 -1 -1 -1 -1 -1 -1 -1 -1 
0 0 -1 0 0 -1 185.74 185.74 -1 -1 44.62 60.95 -1 -1 218.31 218.31 -1 -1 -1 -1 -1 -1 484.8 -1 -1 50.87 -1 -1 -1 67.74 71.62 -1 -1 -1 -1 -1 -1 -1 25.89 19.19 37.08 37.2 49.47 43.11 56.28 49.24 20.76 -1 -1 307.38 307.38 307.38 307.38 307.38 307.38 307.38 307.38 307.38 307.38 307.38 307.38 307.38 307.38 307.38 307.38 307.38 307.38 307.38 307.38 307.38 307.38 307.38 307.38 307.38 307.38 307.38 307.38 307.38 307.38 307.38 
-1 0 -1 0 -1 0 -1 185.74 185.74 -1 51.56 67.41 -1 218.31 218.31 -1 -1 484.8 484.8 484.8 484.8 484.8 484.8 -1 -1 50.87 50.87 50.87 50.87 81.91 79.87 60.96 60.96 37.9 60.96 60.96 60.96 60.96 82.06 44.93 35.66 34.7 48.49 48.83 42.68 49.85 33.04 -1 -1 -1 -1 -1 -1 -1 -1 -1 -1 -1 -1 -1 -1 -1 -1 -1 -1 -1 -1 -1 -1 -1 -1 -1 -1 -1 -1 -1 -1 -1 -1 307.38 
0 0 -1 0 -1 0 -1 -1 185.74 185.74 285.57 370.49 218.31 218.31 -1 -1 -1 484.8 -1 -1 -1 -1 -1 -1 -1 0 -1 -1 -1 -1 -1 -1 35.31 46.34 40.67 -1 -1 -1 51.35 51.14 30.08 26.71 32.91 34.04 35.46 47.98 47.87 -1 -1 307.38 307.38 307.38 307.38 307.38 307.38 307.38 307.38 307.38 307.38 307.38 307.38 307.38 307.38 307.38 307.38 307.38 307.38 307.38 307.38 307.38 307.38 307.38 307.38 307.38 307.38 307.38 307.38 307.38 307.38 307.38 
-1 0 -1 0 -1 0 -1 0 -1 -1 262.26 370.47 -1 -1 -1 -1 -1 484.8 -1 -1 -1 -1 -1 -1 -1 0 0 -1 0 0 0 0 15.93 15.93 6.57 0 -1 -1 47.92 54.78 46.43 38.13 34.13 26.75 38.22 43.71 48.6 -1 -1 307.38 -1 -1 -1 -1 -1 -1 -1 -1 -1 -1 -1 -1 -1 -1 -1 -1 -1 -1 -1 -1 -1 -1 -1 -1 -1 -1 -1 -1 -1 -1 
-1 0 -1 0 0 0 0 0 0 0 217.43 467.65 375.05 375.05 375.05 375.05 375.05 484.8 0 0 0 0 0 0 -1 0 -1 -1 -1 -1 -1 -1 -1 -1 -1 0 -1 -1 42.95 29.65 35.76 45.78 56.15 43.83 40.18 40.71 38.66 -1 -1 307.38 307.38 307.38 307.38 307.38 307.38 307.38 307.38 307.38 307.38 307.38 307.38 307.38 307.38 307.38 307.38 307.38 307.38 307.38 307.38 307.38 307.38 307.38 307.38 307.38 307.38 307.38 307.38 307.38 307.38 307.38 
0 0 -1 -1 -1 -1 -1 -1 -1 -1 115.86 132.43 -1 -1 -1 -1 -1 109.75 -1 -1 -1 -1 -1 -1 -1 0 -1 0 -1 -1 -1 -1 -1 -1 -1 0 -1 -1 47.48 29.62 32.2 29.29 29.54 25.51 20.42 44.03 45.83 -1 -1 -1 -1 -1 -1 -1 -1 -1 -1 -1 -1 -1 -1 -1 -1 -1 -1 -1 -1 -1 -1 -1 -1 -1 -1 -1 -1 -1 -1 -1 -1 307.38 
-1 0 0 0 0 0 0 0 0 -1 85.95 86.2 -1 -1 -1 -1 -1 109.75 -1 -1 -1 -1 -1 -1 -1 0 -1 0 0 0 0 0 0 0 0 0 -1 -1 37.07 25.3 33.1 29.26 37.82 37.56 24.21 44.69 48.22 -1 -1 307.38 307.38 307.38 307.38 307.38 307.38 307.38 307.38 307.38 307.38 307.38 307.38 307.38 307.38 307.38 307.38 307.38 307.38 307.38 307.38 307.38 307.38 307.38 307.38 307.38 307.38 307.38 307.38 307.38 307.38 307.38 
0 0 -1 0 -1 0 -1 -1 0 -1 62.41 115.99 109.75 109.75 109.75 109.75 75.99 109.75 0 0 0 0 0 0 -1 0 -1 -1 -1 -1 -1 -1 -1 -1 0 0 -1 -1 36.53 29.99 35.49 51.59 68.29 66.78 42.9 41.28 33.72 -1 -1 307.38 -1 -1 -1 -1 -1 -1 -1 -1 -1 -1 -1 -1 -1 -1 -1 -1 -1 -1 -1 -1 -1 -1 -1 -1 -1 -1 -1 -1 -1 -1 
-1 -1 -1 -1 -1 -1 -1 -1 -1 -1 -1 -1 -1 -1 -1 67.45 74.74 49.79 -1 -1 -1 -1 -1 -1 -1 0 -1 0 0 -1 0 0 -1 -1 -1 -1 -1 -1 29.79 30.5 31.57 52.07 74.81 75.04 57.68 40.36 24.68 -1 -1 307.38 0 0 0 0 0 0 0 0 0 0 0 0 0 0 0 0 0 0 0 0 0 0 0 0 0 0 0 0 0 -1 
8.2 8.2 8.2 8.2 8.2 8.2 8.2 8.2 8.2 8.2 8.2 8.2 8.2 8.2 8.2 35.67 35.67 8.75 0 0 0 0 0 0 -1 0 -1 -1 0 0 0 0 0 -1 -1 -1 -1 -1 19.31 26.46 40.07 60.01 177.42 85.65 48.06 24.31 14.39 -1 -1 307.38 -1 0 -1 -1 -1 -1 -1 -1 -1 -1 -1 -1 -1 -1 -1 -1 -1 -1 -1 -1 -1 -1 -1 -1 -1 -1 -1 -1 -1 -1 
8.2 -1 -1 -1 -1 -1 -1 -1 -1 -1 -1 -1 -1 -1 -1 -1 8.2 0 -1 -1 -1 -1 -1 -1 -1 0 0 -1 -1 -1 0 0 0 0 0 -1 -1 -1 -1 -1 -1 -1 177.42 -1 -1 -1 -1 -1 -1 307.38 -1 0 0 0 0 0 0 0 0 0 0 0 0 0 0 0 0 0 0 0 0 0 0 0 0 0 0 0 0 -1 
8.2 8.2 8.2 8.2 8.2 8.2 8.2 8.2 8.2 8.2 8.2 8.2 8.2 8.2 8.2 8.2 8.2 0 0 0 0 0 0 0 -1 0 0 -1 0 0 0 -1 -1 0 0 0 0 0 0 0 0 -1 177.42 -1 0 0 0 0 0 307.38 -1 0 0 -1 0 -1 -1 0 -1 0 0 -1 -1 0 0 -1 0 -1 0 0 0 -1 0 -1 0 0 -1 -1 0 -1 
-1 -1 -1 -1 -1 -1 -1 -1 -1 -1 -1 -1 -1 -1 -1 0 -1 0 -1 -1 -1 -1 -1 -1 -1 0 0 -1 0 -1 -1 -1 -1 0 -1 -1 -1 -1 -1 -1 -1 -1 177.42 -1 -1 -1 -1 -1 -1 307.38 -1 0 -1 -1 0 -1 0 0 -1 -1 0 0 -1 0 -1 -1 0 -1 -1 0 -1 -1 0 -1 -1 0 -1 0 0 -1 
0 0 0 0 -1 -1 -1 -1 0 0 0 0 -1 -1 -1 0 -1 0 0 0 0 0 0 0 -1 0 -1 -1 0 0 0 0 0 -1 -1 34.86 40.82 54.76 76.22 94.55 112.48 110.23 205.18 111.47 75.11 84.84 102.35 144.39 168.64 310.57 -1 0 0 0 0 0 0 0 0 0 0 0 0 0 0 0 0 0 0 0 0 0 0 0 0 0 0 0 0 -1 
0 -1 -1 0 0 0 0 0 -1 -1 -1 0 0 0 0 0 -1 0 -1 -1 -1 -1 -1 -1 -1 0 -1 -1 0 0 -1 -1 0 -1 -1 48.08 42.45 58.22 67.71 82.43 90.24 112.68 128.47 122.77 97.64 97.34 136.54 138.02 125.16 174.8 -1 -1 -1 -1 -1 -1 -1 -1 -1 -1 -1 -1 -1 -1 -1 -1 -1 -1 -1 -1 -1 -1 -1 -1 -1 -1 -1 -1 -1 -1 
0 -1 -1 -1 -1 -1 -1 -1 -1 -1 -1 -1 -1 -1 -1 -1 0 0 0 0 0 0 0 0 -1 0 -1 -1 -1 -1 -1 0 0 -1 -1 52.5 56.43 65.47 67.2 88.67 89.15 83.34 83.79 94.45 85.65 87.89 122.21 137.14 117.76 124.59 -1 0 -1 0 -1 0 -1 0 -1 0 -1 0 -1 0 -1 0 -1 0 -1 0 -1 0 -1 0 -1 0 -1 0 -1 -1 
0 0 0 0 0 0 0 0 0 0 0 0 0 0 0 0 0 -1 -1 -1 -1 -1 -1 -1 -1 0 0 0 0 0 0 0 -1 -1 -1 59.88 73.16 75.65 85.09 95.12 85.54 71.05 57.5 88.5 80.64 99.11 109.04 131.14 108.29 100.3 -1 484.8 484.8 484.8 484.8 484.8 484.8 484.8 484.8 484.8 484.8 484.8 484.8 484.8 484.8 484.8 484.8 484.8 484.8 484.8 484.8 484.8 484.8 484.8 484.8 484.8 484.8 484.8 484.8 0 
-1 -1 -1 -1 -1 -1 -1 -1 -1 -1 -1 -1 -1 -1 -1 -1 -1 -1 -1 -1 -1 -1 -1 -1 -1 0 0 0 -1 0 0 -1 -1 -1 -1 74.86 77.54 86.99 95.01 70.84 68.06 86.37 74.85 84.98 108.08 115.74 117.94 126.33 117.24 74.5 -1 484.8 -1 -1 -1 -1 -1 -1 -1 -1 -1 -1 -1 -1 -1 -1 -1 -1 -1 -1 -1 -1 -1 -1 -1 -1 -1 -1 484.8 -1 
0 0 0 0 0 0 0 0 0 0 0 0 0 0 0 0 0 0 0 0 0 0 0 0 0 0 -1 -1 -1 0 0 0 -1 -1 -1 78.02 78.63 88.04 84.4 70.88 107.63 80.79 56.71 60.42 100.65 83.6 96.31 101.91 100 72.49 -1 484.8 -1 0 484.8 484.8 484.8 484.8 484.8 484.8 484.8 484.8 484.8 484.8 484.8 484.8 484.8 484.8 484.8 484.8 484.8 484.8 484.8 484.8 484.8 484.8 484.8 -1 484.8 0 
-1 -1 -1 -1 -1 0 0 -1 -1 -1 -1 -1 -1 -1 0 -1 -1 -1 -1 0 -1 -1 -1 -1 -1 -1 -1 -1 -1 -1 -1 0 0 -1 -1 86.18 82.96 83.31 89.56 97.44 97.65 -1 -1 -1 88.64 105.25 109.44 107.11 95.2 97.97 -1 484.8 -1 -1 484.8 -1 -1 -1 -1 -1 -1 -1 -1 -1 -1 -1 -1 -1 -1 -1 -1 -1 -1 -1 -1 -1 484.8 -1 484.8 -1 
-1 -1 -1 -1 -1 -1 0 -1 -1 -1 -1 -1 -1 -1 0 -1 -1 -1 -1 0 -1 -1 -1 -1 -1 -1 -1 -1 0 0 0 0 0 -1 -1 81.49 86.97 77.74 93 116.57 123.14 -1 -1 -1 92.01 82.9 80.83 85.77 75.84 78.36 -1 484.8 -1 0 484.8 -1 484.8 484.8 484.8 484.8 484.8 484.8 484.8 484.8 484.8 484.8 484.8 484.8 484.8 484.8 484.8 484.8 484.8 484.8 484.8 484.8 484.8 -1 484.8 0 
0 0 0 0 0 0 0 0 -1 -1 -1 -1 0 0 0 0 -1 -1 -1 0 -1 -1 -1 -1 -1 -1 -1 0 0 -1 -1 0 0 -1 -1 93.64 103.72 98.12 117.83 133.44 185.49 146 143.2 149.14 181.5 151.31 111.4 99.63 83.94 54.91 -1 484.8 -1 -1 484.8 -1 484.8 -1 -1 -1 -1 -1 -1 -1 -1 -1 -1 -1 -1 -1 -1 -1 -1 -1 -1 -1 -1 -1 484.8 -1 
-1 -1 0 -1 -1 0 -1 0 0 -1 -1 -1 0 -1 -1 0 -1 -1 0 0 0 -1 0 0 0 0 0 0 -1 -1 -1 -1 0 0 -1 112.55 121.51 142.06 149.33 135.87 160.16 154.44 147.02 126.05 102.12 109 104.93 92.85 67.18 36.21 -1 484.8 -1 0 484.8 -1 484.8 -1 210.74 291.72 335.12 343.98 328.29 324.54 343.1 353.33 363.42 348.14 336.79 369.06 370.6 381.99 330.12 341.12 307.76 308.92 233.49 -1 484.8 0 
-1 -1 0 -1 -1 0 -1 -1 0 -1 0 0 0 -1 -1 0 -1 0 0 -1 0 -1 0 -1 -1 0 0 0 -1 -1 -1 -1 0 0 -1 166.18 167.07 165.36 157.69 124.06 112.53 105.47 88.99 74.13 50.2 59.09 64.14 60.6 43.12 21.58 -1 484.8 -1 -1 484.8 -1 484.8 -1 484.8 321.03 326.35 328.3 327.42 328.92 335.76 328.04 341.4 338.12 297.05 327.58 315.26 320.3 326.44 357.11 361.48 369.92 484.8 -1 484.8 -1 
-1 -1 0 0 -1 0 0 -1 0 -1 -1 0 -1 -1 0 0 -1 0 -1 -1 0 0 0 -1 -1 0 -1 0 0 -1 -1 0 0 -1 -1 167.51 159.7 153.56 149.08 134.81 125.27 105.55 64.16 50.49 42.94 49.58 59.92 58.4 40.38 21.58 -1 484.8 -1 0 484.8 -1 484.8 -1 -1 -1 -1 -1 -1 -1 -1 -1 -1 -1 -1 -1 -1 -1 -1 -1 -1 -1 484.8 -1 484.8 0 
-1 -1 0 -1 -1 -1 0 -1 0 0 -1 0 -1 -1 0 -1 -1 0 -1 -1 0 -1 -1 -1 0 0 -1 -1 0 0 -1 0 -1 -1 -1 222.79 220.59 170.23 174.45 140.26 119.82 101 80.76 53.28 41.07 30.7 36.44 33.53 16.38 11.31 -1 484.8 -1 -1 484.8 -1 484.8 484.8 484.8 484.8 484.8 484.8 484.8 484.8 484.8 484.8 484.8 484.8 484.8 484.8 484.8 484.8 484.8 484.8 484.8 484.8 484.8 -1 484.8 -1 
-1 -1 0 -1 -1 0 0 -1 -1 0 -1 0 -1 -1 0 0 0 0 -1 -1 -1 -1 -1 -1 0 -1 -1 -1 -1 0 0 0 -1 -1 484.8 484.8 340.94 257.46 185.56 111.25 92.43 91.44 73.54 59 54.14 54.09 46.36 26.61 7.21 3.54 -1 484.8 -1 0 484.8 -1 -1 -1 -1 -1 -1 -1 -1 -1 -1 -1 -1 -1 -1 -1 -1 -1 -1 -1 -1 -1 -1 -1 484.8 0 
-1 -1 0 0 0 0 0 -1 -1 0 -1 0 -1 -1 0 0 -1 -1 -1 0 0 -1 -1 0 0 -1 -1 0 -1 0 -1 -1 -1 -1 484.8 -1 -1 -1 -1 -1 -1 -1 -1 -1 -1 -1 -1 -1 -1 -1 -1 484.8 -1 -1 484.8 484.8 484.8 484.8 484.8 484.8 484.8 484.8 484.8 484.8 484.8 484.8 484.8 484.8 484.8 484.8 484.8 484.8 484.8 484.8 484.8 484.8 484.8 484.8 484.8 -1 
0 0 0 0 0 -1 0 0 -1 0 0 0 -1 -1 -1 -1 -1 0 0 0 0 0 0 0 -1 -1 -1 0 0 0 -1 -1 484.8 484.8 484.8 -1 -1 -1 -1 -1 -1 0 0 0 0 0 0 -1 -1 -1 -1 484.8 -1 -1 0 -1 0 -1 0 -1 0 -1 0 -1 0 -1 0 -1 0 -1 0 -1 0 -1 0 -1 0 -1 0 -1 
0 -1 -1 -1 0 -1 -1 0 0 0 0 0 0 0 -1 -1 -1 0 -1 -1 -1 -1 -1 -1 -1 0 -1 -1 -1 0 -1 -1 484.8 -1 -1 -1 -1 -1 -1 -1 -1 0 -1 -1 -1 -1 0 -1 484.8 484.8 484.8 484.8 -1 -1 -1 -1 -1 -1 -1 -1 -1 -1 -1 -1 -1 -1 -1 -1 -1 -1 -1 -1 -1 -1 -1 -1 -1 -1 -1 -1 
-1 -1 -1 -1 0 -1 -1 -1 0 0 -1 -1 -1 0 0 -1 -1 0 -1 -1 -1 -1 484.8 484.8 484.8 484.8 -1 -1 -1 -1 -1 -1 484.8 -1 -1 -1 0 0 0 -1 -1 0 -1 -1 -1 -1 0 -1 484.8 -1 -1 -1 -1 -1 -1 -1 -1 -1 -1 -1 -1 -1 -1 -1 -1 -1 -1 -1 -1 -1 -1 -1 -1 -1 -1 -1 -1 -1 -1 -1 
-1 -1 -1 -1 -1 -1 -1 -1 -1 -1 -1 -1 -1 -1 0 0 0 -1 -1 -1 -1 -1 484.8 -1 -1 484.8 484.8 484.8 484.8 484.8 484.8 484.8 484.8 -1 0 0 0 -1 0 0 -1 0 0 0 0 0 0 -1 484.8 484.8 484.8 484.8 484.8 484.8 484.8 484.8 484.8 484.8 484.8 484.8 484.8 484.8 484.8 484.8 484.8 484.8 484.8 484.8 484.8 -1 -1 -1 -1 -1 -1 -1 -1 -1 -1 -1 
0 0 0 -1 0 0 -1 -1 -1 -1 -1 -1 -1 -1 -1 -1 -1 -1 -1 -1 -1 484.8 484.8 -1 -1 -1 -1 -1 -1 -1 -1 -1 -1 -1 0 -1 -1 -1 -1 0 -1 0 0 0 0 0 0 -1 -1 -1 -1 -1 -1 -1 -1 -1 -1 -1 -1 -1 -1 -1 -1 -1 -1 -1 -1 -1 484.8 -1 0 0 0 0 0 0 0 0 0 0 
-1 0 0 -1 0 0 0 0 -1 0 0 -1 -1 -1 -1 -1 -1 -1 484.8 484.8 484.8 484.8 -1 -1 -1 -1 18.93 18.93 -1 -1 0 0 0 0 0 0 -1 -1 -1 0 -1 0 0 -1 0 0 0 -1 -1 -1 9.83 12.06 27.46 24.16 19.52 22.2 22.2 25.14 50.19 49.73 49.76 50.57 43.3 18.57 -1 -1 -1 -1 484.8 -1 0 -1 -1 -1 -1 -1 -1 -1 -1 0 
-1 0 -1 -1 0 0 -1 0 0 0 0 0 -1 -1 -1 -1 -1 -1 484.8 -1 -1 -1 -1 -1 353.83 353.83 353.83 189.45 -1 -1 -1 -1 -1 -1 -1 -1 -1 -1 -1 0 -1 0 0 -1 3.13 3.13 3.13 -1 -1 -1 12.06 12.73 19.92 17.82 15.69 28.98 32.06 39.43 63.06 46.98 54.53 46.5 46.12 45.17 -1 -1 -1 -1 484.8 -1 0 -1 -1 -1 -1 -1 -1 -1 -1 0 
-1 0 -1 -1 -1 0 -1 -1 -1 -1 -1 0 268.33 484.8 484.8 484.8 484.8 484.8 484.8 -1 -1 -1 273.6 273.6 400.4 -1 353.83 189.45 -1 -1 -1 -1 -1 484.8 484.8 484.8 484.8 484.8 -1 0 -1 0 3.13 3.13 3.13 0 3.13 -1 -1 -1 19.17 15.53 14.65 29.56 31.48 39.92 33.43 39.73 54.47 33.22 41.08 31.08 39.78 68.64 -1 -1 -1 -1 484.8 -1 0 -1 -1 -1 0 0 0 -1 -1 0 
0 0 -1 -1 -1 0 -1 -1 -1 -1 -1 -1 352.29 310.38 -1 -1 -1 -1 -1 -1 -1 273.6 273.6 -1 173.37 -1 353.83 -1 -1 -1 -1 -1 -1 484.8 -1 -1 -1 484.8 -1 0 -1 -1 3.13 3.13 3.13 3.13 3.13 -1 -1 -1 16.95 16.4 33.49 25.6 22.98 37.34 34.11 39.84 33.37 23.03 36.53 23.81 39.34 117.9 117.9 117.9 117.9 -1 484.8 -1 0 -1 -1 -1 0 -1 0 0 -1 0 
0 -1 -1 0 0 -1 0 0 -1 -1 -1 -1 484.8 226.43 -1 -1 -1 143.87 143.87 -1 -1 273.6 -1 173.37 173.37 -1 353.83 -1 -1 484.8 484.8 484.8 -1 484.8 484.8 -1 -1 484.8 -1 0 -1 -1 -1 -1 0 6.51 6.51 -1 -1 -1 23.95 35.27 57.67 35.77 39.26 48.12 34.44 38.01 25.02 23.41 33.45 17.57 23.95 19.81 -1 -1 117.9 -1 484.8 -1 0 0 -1 -1 0 -1 -1 0 -1 0 
0 -1 0 0 0 0 0 0 -1 -1 -1 -1 484.8 -1 -1 -1 273.6 273.6 273.6 273.6 273.6 273.6 -1 173.37 -1 -1 353.83 353.83 -1 484.8 -1 484.8 -1 -1 484.8 484.8 -1 484.8 -1 0 0 -1 -1 -1 -1 57.34 57.34 -1 -1 -1 75.3 69.53 58.87 35.79 37.44 33.91 22.12 31.8 26.99 26.58 27.24 6.8 11.05 13.57 -1 -1 117.9 -1 484.8 -1 -1 0 -1 0 0 -1 -1 0 -1 0 
0 -1 0 0 0 -1 -1 0 -1 0 0 -1 484.8 -1 -1 -1 273.6 -1 -1 -1 -1 -1 173.37 173.37 -1 -1 -1 353.83 -1 484.8 -1 484.8 -1 -1 -1 484.8 -1 484.8 -1 -1 484.8 484.8 484.8 -1 -1 117.9 117.9 117.9 117.9 117.9 117.9 66.14 65.19 46.8 35.11 34.06 32.71 36 30.2 20.9 10.63 9.92 9.92 6.22 -1 -1 117.9 -1 484.8 -1 -1 0 -1 0 -1 -1 -1 0 -1 0 
0 -1 -1 -1 -1 -1 -1 0 0 0 0 0 484.8 484.8 354.82 363.2 273.6 -1 -1 -1 -1 173.37 173.37 -1 -1 -1 -1 353.83 -1 484.8 -1 484.8 -1 -1 484.8 484.8 -1 484.8 -1 -1 484.8 -1 484.8 -1 -1 117.9 -1 -1 -1 -1 -1 -1 -1 -1 -1 -1 -1 -1 -1 -1 -1 -1 -1 -1 -1 -1 484.8 484.8 484.8 -1 -1 0 -1 0 -1 0 -1 0 -1 0 
0 -1 0 0 -1 -1 -1 -1 -1 -1 -1 -1 -1 297.49 387.9 309.99 -1 -1 -1 -1 173.37 173.37 -1 -1 -1 -1 353.83 353.83 -1 484.8 -1 484.8 484.8 484.8 484.8 -1 -1 484.8 -1 -1 484.8 -1 484.8 484.8 -1 117.9 -1 -1 -1 -1 -1 0 -1 -1 -1 0 -1 -1 -1 0 -1 -1 -1 0 -1 -1 366.9 -1 -1 -1 0 0 -1 0 -1 0 -1 0 -1 0 
0 0 0 0 0 0 -1 -1 -1 -1 -1 -1 -1 -1 -1 211.2 -1 -1 -1 173.37 173.37 -1 -1 -1 -1 353.83 353.83 -1 -1 484.8 -1 -1 -1 216.69 216.69 -1 -1 484.8 -1 484.8 484.8 0 -1 484.8 -1 484.8 366.9 366.9 -1 -1 366.9 366.9 366.9 -1 366.9 366.9 366.9 -1 366.9 366.9 366.9 -1 366.9 366.9 366.9 -1 366.9 -1 -1 0 0 -1 -1 0 -1 0 -1 0 -1 0 
0 -1 -1 0 0 0 -1 -1 -1 0 0 0 -1 -1 -1 211.2 161.01 171.72 191.71 173.37 -1 -1 -1 -1 -1 353.83 -1 -1 -1 484.8 -1 -1 58.27 83.28 83.28 58.27 -1 484.8 -1 484.8 -1 -1 -1 484.8 -1 484.8 -1 366.9 -1 -1 366.9 -1 366.9 -1 366.9 -1 366.9 -1 366.9 -1 366.9 -1 366.9 -1 366.9 -1 366.9 -1 -1 0 -1 -1 -1 0 0 0 -1 0 -1 0 
0 -1 0 0 0 0 0 0 0 0 -1 0 0 -1 0 93.93 133.16 170.7 185.66 -1 -1 -1 -1 -1 -1 353.83 -1 -1 -1 484.8 484.8 -1 58.27 -1 -1 58.27 -1 484.8 -1 484.8 484.8 -1 -1 484.8 484.8 484.8 -1 366.9 -1 -1 366.9 -1 366.9 -1 366.9 -1 366.9 -1 366.9 -1 366.9 -1 366.9 -1 366.9 -1 366.9 -1 -1 0 0 -1 -1 -1 -1 -1 0 0 -1 0 
0 -1 0 0 -1 -1 0 -1 -1 -1 -1 -1 0 0 0 -1 -1 -1 130.97 103.55 130.97 130.97 130.97 -1 -1 353.83 -1 -1 -1 -1 484.8 -1 58.27 58.27 -1 58.27 -1 484.8 -1 -1 484.8 484.8 -1 -1 -1 -1 -1 366.9 -1 -1 366.9 -1 366.9 -1 366.9 -1 366.9 -1 366.9 -1 366.9 -1 366.9 -1 366.9 -1 366.9 -1 -1 -1 0 0 0 0 0 0 0 -1 -1 0 
0 -1 0 -1 -1 -1 0 -1 -1 -1 -1 -1 -1 -1 0 -1 -1 -1 50.54 87.94 64.82 -1 130.97 130.97 130.97 484.8 484.8 484.8 484.8 484.8 484.8 -1 -1 58.27 58.27 58.27 -1 484.8 484.8 -1 -1 484.8 -1 -1 -1 -1 -1 366.9 -1 -1 366.9 -1 366.9 -1 366.9 -1 366.9 -1 366.9 -1 366.9 -1 366.9 -1 366.9 -1 366.9 -1 -1 -1 -1 -1 -1 -1 -1 -1 -1 -1 -1 0 
-1 -1 0 0 0 0 0 -1 -1 -1 -1 -1 -1 -1 0 -1 -1 -1 0 -1 -1 -1 0 -1 -1 -1 -1 -1 -1 -1 -1 -1 -1 -1 -1 -1 -1 -1 484.8 484.8 484.8 484.8 -1 -1 -1 -1 -1 366.9 366.9 366.9 366.9 -1 366.9 366.9 366.9 -1 366.9 366.9 366.9 -1 366.9 366.9 366.9 -1 366.9 366.9 366.9 0 0 0 0 0 0 0 0 0 0 0 0 0 
